A	C	G	T

0.2202676408688401	0.1961773153847172	0.170803054970946	0.4127519887754967
0.25321314643476417	0.1818554845199804	0.13114667302015912	0.4337846960250963
0.042396325563541545	0.025612516380097684	0.1270169029371666	0.8049742551191942
0.07016638208315133	0.08857827370315954	0.6852506320401329	0.15600471217355624
0.041985995843757035	0.14389336721862633	0.036585527273689925	0.7775351096639267
0.0429257832664893	0.3704880276376921	0.035539848310368105	0.5510463407854505
0.03659876371626362	0.07272101549987425	0.32638420098214405	0.5642960198017181
0.05790943625991079	0.38905875656858463	0.44860951170763347	0.10442229546387113
0.28731022250459964	0.2054957709565977	0.12696395716687184	0.3802300493719308
0.28190975393453255	0.13248355372010218	0.19199459953142994	0.39361209281393533

